20150301 	0
20150302 	1
20150303 	2
20150304 	3
20150305 	4
20150306 	5
20150307 	6
20150308 	7
20150309 	8
20150310 	9
20150311 	10
20150312 	11
20150313 	12
20150314 	13
20150315 	14
20150316 	15
20150317 	16
20150318 	17
20150319 	18
20150320 	19
20150321 	20
20150322 	21
20150323 	22
20150324 	23
20150325 	24
20150326 	25
20150327 	26
20150328 	27
20150329 	28
20150330 	29
20150331 	30
20150401 	31
20150402 	32
20150403 	33
20150404 	34
20150405 	35
20150406 	36
20150407 	37
20150408 	38
20150409 	39
20150410 	40
20150411 	41
20150412 	42
20150413 	43
20150414 	44
20150415 	45
20150416 	46
20150417 	47
20150418 	48
20150419 	49
20150420 	50
20150421 	51
20150422 	52
20150423 	53
20150424 	54
20150425 	55
20150426 	56
20150427 	57
20150428 	58
20150429 	59
20150430 	60
20150501 	61
